mass : 3.15 # ridotta del 10% (effettiva: 3.5 kg)
body_height : 0.12
body_width : 0.1
arm_length : 0.17
motor_constant :  0.00000854858
rotor_drag_coefficient : 0.0000806428


